$ srun -n 1 ./bandwidthTest
[CUDA Bandwidth Test] - Starting...
Running on...

 Device 0: Quadro K420
 Quick Mode

 Host to Device Bandwidth, 1 Device(s)
 PINNED Memory Transfers
   Transfer Size (Bytes)	Bandwidth(MB/s)
   33554432			3089.1

 Device to Host Bandwidth, 1 Device(s)
 PINNED Memory Transfers
   Transfer Size (Bytes)	Bandwidth(MB/s)
   33554432			3278.4

 Device to Device Bandwidth, 1 Device(s)
 PINNED Memory Transfers
   Transfer Size (Bytes)	Bandwidth(MB/s)
   33554432			21265.7

Result = PASS

NOTE: The CUDA Samples are not meant for performance measurements. Results may vary when GPU Boost is enabled.

$ srun -n 1 ./bandwidthTest --mode=shmoo
[CUDA Bandwidth Test] - Starting...
Running on...

 Device 0: Quadro K420
 Shmoo Mode

.................................................................................
 Host to Device Bandwidth, 1 Device(s)
 PINNED Memory Transfers
   Transfer Size (Bytes)	Bandwidth(MB/s)
   1024				517.0
   2048				761.5
   3072				1124.1
   4096				1344.8
   5120				1537.3
   6144				1700.1
   7168				1812.6
   8192				1903.7
   9216				1994.5
   10240			2080.0
   11264			2132.7
   12288			2226.6
   13312			2286.4
   14336			2320.0
   15360			2380.4
   16384			2408.1
   17408			2443.2
   18432			2472.1
   19456			2437.6
   20480			2518.9
   22528			2563.5
   24576			2597.9
   26624			2632.3
   28672			2665.3
   30720			2688.6
   32768			2716.9
   34816			2734.8
   36864			2755.3
   38912			2768.2
   40960			2782.7
   43008			2798.6
   45056			2806.4
   47104			2820.7
   49152			2827.9
   51200			2837.3
   61440			2879.6
   71680			2896.4
   81920			2937.3
   92160			2954.1
   102400			2971.7
   204800			3031.9
   307200			3055.0
   409600			3063.6
   512000			3069.4
   614400			3075.4
   716800			3080.0
   819200			3079.8
   921600			3082.1
   1024000			3076.0
   1126400			3076.6
   2174976			3086.4
   3223552			3090.0
   4272128			3091.3
   5320704			3092.3
   6369280			3093.6
   7417856			3093.5
   8466432			3093.9
   9515008			3093.6
   10563584			3094.2
   11612160			3094.9
   12660736			3094.4
   13709312			3094.7
   14757888			3095.2
   15806464			3094.9
   16855040			3095.2
   18952192			3095.2
   21049344			3095.4
   23146496			3095.4
   25243648			3095.6
   27340800			3095.5
   29437952			3095.5
   31535104			3095.9
   33632256			3095.7
   37826560			3095.8
   42020864			3096.0
   46215168			3095.9
   50409472			3096.0
   54603776			3096.1
   58798080			3096.0
   62992384			3096.0
   67186688			3096.0

.................................................................................
 Device to Host Bandwidth, 1 Device(s)
 PINNED Memory Transfers
   Transfer Size (Bytes)	Bandwidth(MB/s)
   1024				521.8
   2048				991.7
   3072				1568.8
   4096				1810.0
   5120				1994.3
   6144				2122.0
   7168				2236.9
   8192				2315.0
   9216				2406.1
   10240			2479.6
   11264			2526.1
   12288			2575.4
   13312			2627.7
   14336			2641.1
   15360			2692.7
   16384			2729.3
   17408			2754.0
   18432			2775.4
   19456			2793.3
   20480			2816.8
   22528			2788.6
   24576			2888.9
   26624			2941.4
   28672			2966.2
   30720			2984.7
   32768			3002.3
   34816			3015.6
   36864			3029.6
   38912			3040.1
   40960			3052.5
   43008			3063.2
   45056			3072.1
   47104			3080.2
   49152			3079.3
   51200			3095.0
   61440			3125.2
   71680			3144.6
   81920			3162.5
   92160			3174.5
   102400			3184.6
   204800			3231.3
   307200			3234.0
   409600			3246.7
   512000			3252.9
   614400			3257.0
   716800			3260.3
   819200			3262.6
   921600			3264.3
   1024000			3256.3
   1126400			3257.8
   2174976			3266.0
   3223552			3270.5
   4272128			3272.5
   5320704			3274.0
   6369280			3274.9
   7417856			3275.5
   8466432			3275.8
   9515008			3276.2
   10563584			3276.5
   11612160			3276.7
   12660736			3277.0
   13709312			3277.1
   14757888			3277.3
   15806464			3277.4
   16855040			3277.5
   18952192			3277.6
   21049344			3277.8
   23146496			3278.0
   25243648			3278.0
   27340800			3278.1
   29437952			3278.2
   31535104			3278.3
   33632256			3278.3
   37826560			3278.4
   42020864			3278.5
   46215168			3278.5
   50409472			3278.6
   54603776			3278.7
   58798080			3278.7
   62992384			3278.7
   67186688			3278.7

.................................................................................
 Device to Device Bandwidth, 1 Device(s)
 PINNED Memory Transfers
   Transfer Size (Bytes)	Bandwidth(MB/s)
   1024				516.1
   2048				998.1
   3072				1486.3
   4096				2406.6
   5120				3270.2
   6144				3828.5
   7168				4294.7
   8192				4068.0
   9216				4890.9
   10240			5508.1
   11264			6086.2
   12288			6554.2
   13312			6794.0
   14336			6978.2
   15360			6356.8
   16384			6599.4
   17408			7826.3
   18432			8489.3
   19456			8970.4
   20480			9216.9
   22528			7962.7
   24576			8912.1
   26624			10718.3
   28672			10361.2
   30720			9693.4
   32768			10970.9
   34816			12089.7
   36864			10920.2
   38912			11549.9
   40960			12755.1
   43008			12850.0
   45056			12056.1
   47104			12836.0
   49152			13850.4
   51200			13914.9
   61440			13636.4
   71680			12160.9
   81920			12964.1
   92160			12783.8
   102400			13845.8
   204800			12835.1
   307200			13818.3
   409600			14421.2
   512000			14734.4
   614400			14904.3
   716800			15040.6
   819200			15236.4
   921600			15374.0
   1024000			15422.7
   1126400			20157.2
   2174976			20706.5
   3223552			20835.7
   4272128			20991.1
   5320704			21032.9
   6369280			21028.4
   7417856			21081.2
   8466432			21032.1
   9515008			21120.0
   10563584			21145.0
   11612160			21156.9
   12660736			21147.1
   13709312			21126.2
   14757888			21149.1
   15806464			21115.9
   16855040			21174.2
   18952192			21187.7
   21049344			21185.9
   23146496			21134.1
   25243648			21175.2
   27340800			21195.5
   29437952			21195.3
   31535104			21204.4
   33632256			21208.2
   37826560			21165.9
   42020864			21224.1
   46215168			21210.7
   50409472			21232.5
   54603776			21190.3
   58798080			21201.9
   62992384			21233.0
   67186688			21167.4

Result = PASS

NOTE: The CUDA Samples are not meant for performance measurements. Results may vary when GPU Boost is enabled.
